[gd_scene load_steps=6 format=3 uid="uid://brvgqyqowu0g8"]

[ext_resource type="PackedScene" uid="uid://dwy64m5beu418" path="res://kraken.tscn" id="1_u5kcx"]
[ext_resource type="PackedScene" uid="uid://d1kj3v6od2p22" path="res://ship.tscn" id="2_vml35"]
[ext_resource type="Script" path="res://ship.gd" id="3_bldyj"]

[sub_resource type="BoxShape3D" id="BoxShape3D_bj56f"]
size = Vector3(500, 2, 500)

[sub_resource type="BoxMesh" id="BoxMesh_l54g4"]
size = Vector3(500, 2, 500)

[node name="main" type="Node3D"]

[node name="sun" type="DirectionalLight3D" parent="."]
transform = Transform3D(0.81116, 0.429467, -0.39696, 0.0522565, 0.622827, 0.780612, 0.582485, -0.653945, 0.48277, -87.6631, 154.927, 95.6845)
shadow_enabled = true

[node name="ground" type="StaticBody3D" parent="."]
collision_layer = 5

[node name="CollisionShape3D" type="CollisionShape3D" parent="ground"]
shape = SubResource("BoxShape3D_bj56f")

[node name="MeshInstance3D" type="MeshInstance3D" parent="ground"]
transform = Transform3D(1, 0, 0, 0, 1, 0, 0, 0, 1, 0, -1, 0)
mesh = SubResource("BoxMesh_l54g4")

[node name="SubViewportContainer" type="SubViewportContainer" parent="."]
offset_right = 576.0
offset_bottom = 648.0
stretch = true

[node name="SubViewport" type="SubViewport" parent="SubViewportContainer"]
handle_input_locally = false
size = Vector2i(576, 648)
render_target_update_mode = 4

[node name="kraken" parent="SubViewportContainer/SubViewport" instance=ExtResource("1_u5kcx")]
transform = Transform3D(1, 0, 0, 0, 1, 0, 0, 0, 1, 0, 0.526307, 0)

[node name="Marker3D" type="Marker3D" parent="SubViewportContainer/SubViewport/kraken"]
transform = Transform3D(1, -5.2318e-16, 3.02058e-16, 3.02058e-16, 0.866025, 0.5, -5.2318e-16, -0.5, 0.866025, 2.08165e-12, 2, 3)

[node name="Camera3D" type="Camera3D" parent="SubViewportContainer/SubViewport/kraken/Marker3D"]

[node name="SubViewportContainer2" type="SubViewportContainer" parent="."]
offset_left = 576.0
offset_right = 1152.0
offset_bottom = 648.0
stretch = true

[node name="SubViewport" type="SubViewport" parent="SubViewportContainer2"]
handle_input_locally = false
size = Vector2i(576, 648)
render_target_update_mode = 4

[node name="ship" parent="SubViewportContainer2/SubViewport" instance=ExtResource("2_vml35")]
transform = Transform3D(1, 0, 0, 0, 1, 0, 0, 0, 1, -0.0263908, 0.566061, -6.05342)
script = ExtResource("3_bldyj")

[node name="Marker3D" type="Marker3D" parent="SubViewportContainer2/SubViewport/ship"]
transform = Transform3D(1, -5.2318e-16, 3.02058e-16, 3.02058e-16, 0.866025, 0.5, -5.2318e-16, -0.5, 0.866025, 2.08165e-12, 2, 3)

[node name="Camera3D" type="Camera3D" parent="SubViewportContainer2/SubViewport/ship/Marker3D"]
